[[[0.0491, 0.0279, 0.0592, 0.127, 0.1772, 0.1908, 0.2217, 0.0768, 0.1246, 0.2028, 0.0947, 0.2497, 0.2209, 0.3195, 0.334, 0.3323, 0.278, 0.2975, 0.2948, 0.1729, 0.3264, 0.3834, 0.3523, 0.541, 0.5228, 0.4475, 0.534, 0.5323, 0.3907, 0.3456, 0.4091, 0.4639, 0.558, 0.5727, 0.6355, 0.7563, 0.6903, 0.6176, 0.5379, 0.5622, 0.6508, 0.4797, 0.3736, 0.2804, 0.1982, 0.2438, 0.1789, 0.1706, 0.0762, 0.0238, 0.0268, 0.0081, 0.0129, 0.0161, 0.0063, 0.0119, 0.0194, 0.014, 0.0332, 0.0439, 1],
[0.1313, 0.2339, 0.3059, 0.4264, 0.401, 0.1791, 0.1853, 0.0055, 0.1929, 0.2231, 0.2907, 0.2259, 0.3136, 0.3302, 0.366, 0.3956, 0.4386, 0.467, 0.5255, 0.3735, 0.2243, 0.1973, 0.4337, 0.6532, 0.507, 0.2796, 0.4163, 0.595, 0.5242, 0.4178, 0.3714, 0.2375, 0.0863, 0.1437, 0.2896, 0.4577, 0.3725, 0.3372, 0.3803, 0.4181, 0.3603, 0.2711, 0.1653, 0.1951, 0.2811, 0.2246, 0.1921, 0.15, 0.0665, 0.0193, 0.0156, 0.0362, 0.021, 0.0154, 0.018, 0.0013, 0.0106, 0.0127, 0.0178, 0.0231, 1],
[0.0201, 0.0423, 0.0554, 0.0783, 0.062, 0.0871, 0.1201, 0.2707, 0.1206, 0.0279, 0.2251, 0.2615, 0.177, 0.3709, 0.4533, 0.5553, 0.4616, 0.3797, 0.345, 0.2665, 0.2395, 0.1127, 0.2556, 0.5169, 0.3779, 0.4082, 0.5353, 0.5116, 0.4544, 0.4258, 0.3869, 0.3939, 0.4661, 0.3974, 0.2194, 0.1816, 0.1023, 0.2108, 0.3253, 0.3697, 0.2912, 0.301, 0.2563, 0.1927, 0.2062, 0.1751, 0.0841, 0.1035, 0.0641, 0.0153, 0.0081, 0.0191, 0.0182, 0.016, 0.029, 0.009, 0.0242, 0.0224, 0.019, 0.0096, 1],
[0.0629, 0.1065, 0.1526, 0.1229, 0.1437, 0.119, 0.0884, 0.0907, 0.2107, 0.3597, 0.5466, 0.5205, 0.5127, 0.5395, 0.6558, 0.8705, 0.9786, 0.9335, 0.7917, 0.7383, 0.6908, 0.385, 0.0671, 0.0502, 0.2717, 0.2839, 0.2234, 0.1911, 0.0408, 0.2531, 0.1979, 0.1891, 0.2433, 0.1956, 0.2667, 0.134, 0.1073, 0.2023, 0.1794, 0.0227, 0.1313, 0.1775, 0.1549, 0.1626, 0.0708, 0.0129, 0.0795, 0.0762, 0.0117, 0.0061, 0.0257, 0.0089, 0.0262, 0.0108, 0.0138, 0.0187, 0.023, 0.0057, 0.0113, 0.0131, 1],
[0.0335, 0.0134, 0.0696, 0.118, 0.0348, 0.118, 0.1948, 0.1607, 0.3036, 0.4372, 0.5533, 0.5771, 0.7022, 0.7067, 0.7367, 0.7391, 0.8622, 0.9458, 0.8782, 0.7913, 0.576, 0.3061, 0.0563, 0.0239, 0.2554, 0.4862, 0.5027, 0.4402, 0.2847, 0.1797, 0.356, 0.3522, 0.3321, 0.3112, 0.3638, 0.0754, 0.1834, 0.182, 0.1815, 0.1593, 0.0576, 0.0954, 0.1086, 0.0812, 0.0784, 0.0487, 0.0439, 0.0586, 0.037, 0.0185, 0.0302, 0.0244, 0.0232, 0.0093, 0.0159, 0.0193, 0.0032, 0.0377, 0.0126, 0.0156, 1],
[0.0587, 0.121, 0.1268, 0.1498, 0.1436, 0.0561, 0.0832, 0.0672, 0.1372, 0.2352, 0.3208, 0.4257, 0.5201, 0.4914, 0.595, 0.7221, 0.9039, 0.9111, 0.8723, 0.7686, 0.7326, 0.5222, 0.3097, 0.3172, 0.227, 0.164, 0.1746, 0.1835, 0.2048, 0.1674, 0.2767, 0.3104, 0.3399, 0.4441, 0.5046, 0.2814, 0.1681, 0.2633, 0.3198, 0.1933, 0.0934, 0.0443, 0.078, 0.0722, 0.0405, 0.0553, 0.1081, 0.1139, 0.0767, 0.0265, 0.0215, 0.0331, 0.0111, 0.0088, 0.0158, 0.0122, 0.0038, 0.0101, 0.0228, 0.0124, 1],
[0.0162, 0.0253, 0.0262, 0.0386, 0.0645, 0.0472, 0.1056, 0.1388, 0.0598, 0.1334, 0.2969, 0.4754, 0.5677, 0.569, 0.6421, 0.7487, 0.8999, 1.0, 0.969, 0.9032, 0.7685, 0.6998, 0.6644, 0.5964, 0.3711, 0.0921, 0.0481, 0.0876, 0.104, 0.1714, 0.3264, 0.4612, 0.3939, 0.505, 0.4833, 0.3511, 0.2319, 0.4029, 0.3676, 0.151, 0.0745, 0.1395, 0.1552, 0.0377, 0.0636, 0.0443, 0.0264, 0.0223, 0.0187, 0.0077, 0.0137, 0.0071, 0.0082, 0.0232, 0.0198, 0.0074, 0.0035, 0.01, 0.0048, 0.0019, 1],
[0.0307, 0.0523, 0.0653, 0.0521, 0.0611, 0.0577, 0.0665, 0.0664, 0.146, 0.2792, 0.3877, 0.4992, 0.4981, 0.4972, 0.5607, 0.7339, 0.823, 0.9173, 0.9975, 0.9911, 0.824, 0.6498, 0.598, 0.4862, 0.315, 0.1543, 0.0989, 0.0284, 0.1008, 0.2636, 0.2694, 0.293, 0.2925, 0.3998, 0.366, 0.3172, 0.4609, 0.4374, 0.182, 0.3376, 0.6202, 0.4448, 0.1863, 0.142, 0.0589, 0.0576, 0.0672, 0.0269, 0.0245, 0.019, 0.0063, 0.0321, 0.0189, 0.0137, 0.0277, 0.0152, 0.0052, 0.0121, 0.0124, 0.0055, 1],
[0.0116, 0.0179, 0.0449, 0.1096, 0.1913, 0.0924, 0.0761, 0.1092, 0.0757, 0.1006, 0.25, 0.3988, 0.3809, 0.4753, 0.6165, 0.6464, 0.8024, 0.9208, 0.9832, 0.9634, 0.8646, 0.8325, 0.8276, 0.8007, 0.6102, 0.4853, 0.4355, 0.4307, 0.4399, 0.3833, 0.3032, 0.3035, 0.3197, 0.2292, 0.2131, 0.2347, 0.3201, 0.4455, 0.3655, 0.2715, 0.1747, 0.1781, 0.2199, 0.1056, 0.0573, 0.0307, 0.0237, 0.047, 0.0102, 0.0057, 0.0031, 0.0163, 0.0099, 0.0084, 0.027, 0.0277, 0.0097, 0.0054, 0.0148, 0.0092, 1]],
[0.0378, 0.0318, 0.0423, 0.035, 0.1787, 0.1635, 0.0887, 0.0817, 0.1779, 0.2053, 0.3135, 0.3118, 0.3686, 0.3885, 0.585, 0.7868, 0.9739, 1.0, 0.9843, 0.861, 0.8443, 0.9061, 0.5847, 0.4033, 0.5946, 0.6793, 0.6389, 0.5002, 0.5578, 0.4831, 0.4729, 0.3318, 0.3969, 0.3894, 0.2314, 0.1036, 0.1312, 0.0864, 0.2569, 0.3179, 0.2649, 0.2714, 0.1713, 0.0584, 0.123, 0.22, 0.2198, 0.1074, 0.0423, 0.0162, 0.0093, 0.0046, 0.0044, 0.0078, 0.0102, 0.0065, 0.0061, 0.0062, 0.0043, 0.0053, 0],
[0.0039, 0.0063, 0.0152, 0.0336, 0.031, 0.0284, 0.0396, 0.0272, 0.0323, 0.0452, 0.0492, 0.0996, 0.1424, 0.1194, 0.0628, 0.0907, 0.1177, 0.1429, 0.1223, 0.1104, 0.1847, 0.3715, 0.4382, 0.5707, 0.6654, 0.7476, 0.7654, 0.8555, 0.972, 0.9221, 0.7502, 0.7209, 0.7757, 0.6055, 0.5021, 0.4499, 0.3947, 0.4281, 0.4427, 0.3749, 0.1972, 0.0511, 0.0793, 0.1269, 0.1533, 0.069, 0.0402, 0.0534, 0.0228, 0.0073, 0.0062, 0.0062, 0.012, 0.0052, 0.0056, 0.0093, 0.0042, 0.0003, 0.0053, 0.0036, 0],
[0.0119, 0.0582, 0.0623, 0.06, 0.1397, 0.1883, 0.1422, 0.1447, 0.0487, 0.0864, 0.2143, 0.372, 0.2665, 0.2113, 0.1103, 0.1136, 0.1934, 0.4142, 0.3279, 0.6222, 0.7468, 0.7676, 0.7867, 0.8253, 1.0, 0.9481, 0.7539, 0.6008, 0.5437, 0.5387, 0.5619, 0.5141, 0.6084, 0.5621, 0.5956, 0.6078, 0.5025, 0.2829, 0.0477, 0.2811, 0.3422, 0.5147, 0.4372, 0.247, 0.1708, 0.1343, 0.0838, 0.0755, 0.0304, 0.0074, 0.0069, 0.0025, 0.0103, 0.0074, 0.0123, 0.0069, 0.0076, 0.0073, 0.003, 0.0138, 0]]
